8 0.357001 0.354031 0.373935 0.060276
9 0.581996 0.436093 0.244009 0.124183
8 0.582789 0.525054 0.296296 0.136529
9 0.524163 0.595497 0.274114 0.097313
1 0.386941 0.414912 0.350697 0.100702
18 0.179904 0.522876 0.236615 0.200436
19 0.384301 0.497458 0.085561 0.072137
19 0.282894 0.526265 0.127814 0.062939
19 0.269162 0.574679 0.148940 0.049383
19 0.401730 0.542000 0.143659 0.031469
19 0.363702 0.584604 0.111969 0.058581
19 0.461940 0.500121 0.088730 0.054224
10 0.733941 0.496490 0.208094 0.101186
1 0.463524 0.566449 0.252459 0.147180
1 0.339935 0.433067 0.311613 0.071169