19 0.851233 0.475490 0.159239 0.066449
19 0.446598 0.385076 0.112894 0.047930
19 0.342023 0.403867 0.153298 0.070261
19 0.369949 0.637527 0.137849 0.044118
16 0.315285 0.577070 0.111705 0.077887
16 0.670603 0.486928 0.197267 0.103486
9 0.159611 0.433007 0.237671 0.140523
9 0.713384 0.540305 0.240048 0.117647
9 0.410948 0.519608 0.219846 0.083878
2 0.470365 0.444989 0.184195 0.084967
13 0.270722 0.466776 0.257873 0.128540
18 0.584447 0.602124 0.505051 0.093137
10 0.565434 0.674292 0.243613 0.080610
8 0.611780 0.470316 0.231729 0.169390
8 0.652778 0.358388 0.318479 0.154684