19 0.515880 0.567068 0.058076 0.155420
19 0.480036 0.449266 0.057169 0.131661
19 0.459619 0.253259 0.068966 0.119782
19 0.522913 0.246329 0.051270 0.127702
19 0.639292 0.363636 0.036298 0.152450
19 0.573730 0.794753 0.034029 0.151460
1 0.641595 0.518495 0.138362 0.199373
1 0.571552 0.665204 0.093103 0.214420
1 0.434483 0.631348 0.114655 0.184326
1 0.428664 0.752194 0.075431 0.130721
2 0.394828 0.532602 0.081034 0.180564
2 0.555172 0.347806 0.078448 0.168339
9 0.500216 0.806740 0.131466 0.209718
9 0.432974 0.368495 0.128879 0.192790
8 0.597198 0.306426 0.079741 0.286834